%YAML:1.0
M1: !!opencv-matrix
   rows: 3
   cols: 3
   dt: d
   data: [ 9.7774860702270780e+02, 0., 3.6792597639910412e+02, 0.,
       9.7774860702270780e+02, 4.6405133285998141e+02, 0., 0., 1. ]
D1: !!opencv-matrix
   rows: 1
   cols: 8
   dt: d
   data: [ 5.6517697717043236e-02, -3.4557862910905396e-01, 0., 0., 0.,
       0., 0., -1.3278490385129020e+00 ]
M2: !!opencv-matrix
   rows: 3
   cols: 3
   dt: d
   data: [ 9.7774860702270780e+02, 0., 3.9155532943866598e+02, 0.,
       9.7774860702270780e+02, 4.8029484013455425e+02, 0., 0., 1. ]
D2: !!opencv-matrix
   rows: 1
   cols: 8
   dt: d
   data: [ 1.1231834630619238e-01, -5.6481959950851290e-01, 0., 0., 0.,
       0., 0., -3.5763657854925734e-01 ]
