# oST version 5.0 parameters


[image]

width
720

height
960

[narrow_stereo/left]

camera matrix
976.439668 0.000000 318.430149
0.000000 977.719693 475.210559
0.000000 0.000000 1.000000

distortion
-0.024907 -0.057133 0.005951 -0.001835 0.000000

rectification
0.983217 0.172803 0.058502
-0.172666 0.984952 -0.007433
-0.058906 -0.002793 0.998260

projection
2094.540688 0.000000 367.509663 0.000000
0.000000 2094.540688 490.926388 0.000000
0.000000 0.000000 1.000000 0.000000

# oST version 5.0 parameters


[image]

width
720

height
960

[narrow_stereo/right]

camera matrix
987.734228 0.000000 395.847365
0.000000 992.776861 494.950784
0.000000 0.000000 1.000000

distortion
-0.022735 -0.050409 0.006213 -0.001533 0.000000

rectification
0.983960 0.161086 -0.076636
-0.160906 0.986933 0.008554
0.077013 0.003914 0.997022

projection
2094.540688 0.000000 367.509663 -450.188717
0.000000 2094.540688 490.926388 0.000000
0.000000 0.000000 1.000000 0.000000

