%YAML:1.0
R: !!opencv-matrix
   rows: 3
   cols: 3
   dt: d
   data: [ 9.9261992676699651e-01, 1.4622613484796026e-02,
       1.2038214219707521e-01, -1.2631302776650428e-02,
       9.9977075961272988e-01, -1.7288100345317910e-02,
       -1.2060734295741349e-01, 1.5639929611716914e-02,
       9.9257708084888474e-01 ]
T: !!opencv-matrix
   rows: 3
   cols: 1
   dt: d
   data: [ -2.0947330779529758e-01, -3.6452797239704592e-02,
       5.9845858543623879e-03 ]
R1: !!opencv-matrix
   rows: 3
   cols: 3
   dt: d
   data: [ 9.7876445696227743e-01, 1.8529781297056389e-01,
       8.7663323549043215e-02, -1.8408961557770601e-01,
       9.8266895216703065e-01, -2.1742674246799487e-02,
       -9.0172896281481021e-02, 5.1430492196689725e-03,
       9.9591284649859457e-01 ]
R2: !!opencv-matrix
   rows: 3
   cols: 3
   dt: d
   data: [ 9.8480374057163056e-01, 1.7137673269112391e-01,
       -2.8135529997490499e-02, -1.7097926216518200e-01,
       9.8514486596243089e-01, 1.5990152510654266e-02,
       3.0457913020668432e-02, -1.0936569845205892e-02,
       9.9947621631254746e-01 ]
P1: !!opencv-matrix
   rows: 3
   cols: 4
   dt: d
   data: [ 7.1963302562838464e+02, 0., 3.3628113365173340e+02, 0., 0.,
       7.1963302562838464e+02, 4.6830027770996094e+02, 0., 0., 0., 1.,
       0. ]
P2: !!opencv-matrix
   rows: 3
   cols: 4
   dt: d
   data: [ 7.1963302562838464e+02, 0., 3.3628113365173340e+02,
       -1.5307000173416930e+02, 0., 7.1963302562838464e+02,
       4.6830027770996094e+02, 0., 0., 0., 1., 0. ]
Q: !!opencv-matrix
   rows: 4
   cols: 4
   dt: d
   data: [ 1., 0., 0., -3.3628113365173340e+02, 0., 1., 0.,
       -4.6830027770996094e+02, 0., 0., 0., 7.1963302562838464e+02, 0.,
       0., 4.7013328377570884e+00, 0. ]
