%YAML:1.0
R: !!opencv-matrix
   rows: 3
   cols: 3
   dt: d
   data: [ 9.9360806521302492e-01, 1.4185510910033599e-02,
       1.1199010681239024e-01, -2.0992504621597321e-02,
       9.9798728619241617e-01, 5.9838878231537503e-02,
       -1.1091585771809850e-01, -6.1807344858988041e-02,
       9.9190600594418254e-01 ]
T: !!opencv-matrix
   rows: 3
   cols: 1
   dt: d
   data: [ -2.0384412370700075e-01, -3.1641679672951027e-02,
       3.6552889583443128e-03 ]
R1: !!opencv-matrix
   rows: 3
   cols: 3
   dt: d
   data: [ 9.8044122931239952e-01, 1.6816567196451931e-01,
       1.0225117425786598e-01, -1.7078328381214200e-01,
       9.8515593455372463e-01, 1.7345160244820527e-02,
       -9.7816490607321213e-02, -3.4468701546458314e-02,
       9.9460738122083592e-01 ]
R2: !!opencv-matrix
   rows: 3
   cols: 3
   dt: d
   data: [ 9.8801094881334950e-01, 1.5336388112249780e-01,
       -1.7716799710703370e-02, -1.5377422159311771e-01,
       9.8779618140813941e-01, -2.4742529558001658e-02,
       1.3705976739202368e-02, 2.7170277189278155e-02,
       9.9953685386737112e-01 ]
P1: !!opencv-matrix
   rows: 3
   cols: 4
   dt: d
   data: [ 6.4924935948316772e+02, 0., 3.3255522155761719e+02, 0., 0.,
       6.4924935948316772e+02, 4.7412648391723633e+02, 0., 0., 0., 1.,
       0. ]
P2: !!opencv-matrix
   rows: 3
   cols: 4
   dt: d
   data: [ 6.4924935948316772e+02, 0., 3.3255522155761719e+02,
       -1.3395161957479482e+02, 0., 6.4924935948316772e+02,
       4.7412648391723633e+02, 0., 0., 0., 1., 0. ]
Q: !!opencv-matrix
   rows: 4
   cols: 4
   dt: d
   data: [ 1., 0., 0., -3.3255522155761719e+02, 0., 1., 0.,
       -4.7412648391723633e+02, 0., 0., 0., 6.4924935948316772e+02, 0.,
       0., 4.8468944350511949e+00, 0. ]
