%YAML:1.0
M1: !!opencv-matrix
   rows: 3
   cols: 3
   dt: d
   data: [ 9.9658315663427675e+02, 0., 3.6954134807530818e+02, 0.,
       9.9658315663427675e+02, 4.6421449380772577e+02, 0., 0., 1. ]
D1: !!opencv-matrix
   rows: 1
   cols: 8
   dt: d
   data: [ 1.1012852270414102e-01, -7.0660013279916289e-01, 0., 0., 0.,
       0., 0., -2.5417945030177478e+00 ]
M2: !!opencv-matrix
   rows: 3
   cols: 3
   dt: d
   data: [ 9.9658315663427675e+02, 0., 3.7779641528692900e+02, 0.,
       9.9658315663427675e+02, 4.6489485712681380e+02, 0., 0., 1. ]
D2: !!opencv-matrix
   rows: 1
   cols: 8
   dt: d
   data: [ 2.0603658690760332e-01, -1.2296141814089809e+00, 0., 0., 0.,
       0., 0., -2.7821005675166797e+00 ]
